08/13/2020-10:45:41 75.6800491725 90.165717984 49.391972041
08/13/2020-10:45:46 75.7293868474 90.1672039291 49.438961839
08/13/2020-10:45:52 75.7181737381 90.1645309779 49.3464227959
08/13/2020-10:45:57 75.684534415 90.1613261488 49.2996975831
08/13/2020-10:46:02 75.673321309 90.1637785923 49.3251656332
08/13/2020-10:46:07 75.6744426196 90.1713861112 49.3046608308
08/13/2020-10:46:12 75.6643508248 90.1623116166 49.5045765339
08/13/2020-10:46:17 75.6721999984 90.164713232 49.5047112944
08/13/2020-10:46:22 75.6643508248 90.1643617143 49.4737952877
08/13/2020-10:46:27 75.6520164098 90.1650152413 49.4992413396
08/13/2020-10:46:32 75.6508950994 90.1621913912 49.478703276
08/13/2020-10:46:37 75.6632295143 90.1656380278 49.5404700102
08/13/2020-10:46:42 75.6632295143 90.1635879313 49.5353398829
08/13/2020-10:46:47 75.655380341 90.1622415145 49.5044300468
08/13/2020-10:46:52 75.6576229619 90.1637890701 49.5044652045
08/13/2020-10:46:57 75.649773789 90.1644927252 49.5248565996
08/13/2020-10:47:02 75.6598655828 90.1646834076 49.5404171346
08/13/2020-10:47:08 75.6542590306 90.1662512592 49.586493425
08/13/2020-10:47:13 75.6542590306 90.1621510986 49.62240322
08/13/2020-10:47:18 75.6531377202 90.1651056601 49.6788083876
08/13/2020-10:47:23 75.6621082038 90.1611057389 49.6840926175
08/13/2020-10:47:28 75.6587442724 90.1604626762 49.7096825303
08/13/2020-10:47:33 75.6576229619 90.1634473892 49.7404435357
08/13/2020-10:47:38 75.655380341 90.1670250403 49.7147588034
08/13/2020-10:47:43 75.6654721353 90.1634572209 49.7764893374
08/13/2020-10:47:48 75.6665934458 90.1652560566 49.8278047772
08/13/2020-10:47:53 75.6721999984 90.1650549176 49.8176412666
08/13/2020-10:56:54 77.7970981968 90.1696337788 47.898617912
08/13/2020-10:56:59 77.8654991021 90.1686286527 47.9098930442
08/13/2020-11:04:36 77.617686131 90.1662266035 46.1925756292
08/13/2020-11:04:41 77.5874103656 90.1687708366 46.3517716025
08/13/2020-11:09:24 76.1633348066 90.1736644036 46.6523972824
08/13/2020-11:09:29 76.2552825936 90.1675135601 46.6227657902
08/13/2020-11:09:34 76.2474333901 90.1641157694 46.5507286524
08/13/2020-11:12:36 75.94692133 90.1677472792 46.3978773881
08/13/2020-11:19:10 76.6354087849 90.1552903234 48.0256971139
08/13/2020-11:19:15 76.6141037523 90.1555347506 47.948308668
08/13/2020-11:20:44 77.0446902491 90.1548087571 47.4095650853
08/13/2020-11:20:49 77.1355172424 90.1564209834 47.3645394314
08/13/2020-11:26:50 78.2702985256 90.1550310273 47.127792643
08/13/2020-11:26:55 78.2635705486 90.1575413371 46.973188011
08/13/2020-11:27:00 78.2332946559 90.1614593307 46.7667655348
08/13/2020-11:27:05 78.2018974401 90.158749997 46.7869580782
08/13/2020-11:27:10 78.1716215595 90.1530791328 46.7762651916
08/13/2020-11:27:15 78.1626509294 90.1547236603 46.9152059218
08/13/2020-11:27:21 78.1637722581 90.1565261697 46.8843191908
08/13/2020-11:27:26 78.1592869432 90.1585319006 46.9254598171
08/13/2020-11:27:31 78.1480736565 90.1565412687 46.9562114974
08/13/2020-11:27:36 78.1435883421 90.1558074894 46.9819005351
08/13/2020-11:27:43 78.1402243563 90.1582760254 46.9870085239
08/13/2020-11:27:48 78.133496385 90.1594162039 47.0590162164
08/13/2020-11:27:53 78.1110698162 90.1540652759 47.1926014353
08/13/2020-11:27:59 78.1301323995 90.1577454369 47.8519215938
08/13/2020-11:28:04 78.133496385 90.1580464785 47.537901157
08/13/2020-11:28:09 78.131253728 90.1595479024 47.4812283108
08/13/2020-11:28:14 78.1099484879 90.1577416296 47.4603408016
08/13/2020-11:28:19 78.1301323995 90.1560332863 47.5121075815
08/13/2020-11:28:24 78.1200404434 90.1596118365 47.4089867368
08/13/2020-11:28:29 78.1088271595 90.159333331 47.4242789105
08/13/2020-11:28:34 78.1234044287 90.1585431721 47.3781405342
08/13/2020-11:28:39 78.1234044287 90.1554613191 47.3729914156
08/13/2020-11:28:44 78.1413456849 90.1590512053 47.3474908723
08/13/2020-11:28:49 78.1301323995 90.1553484263 47.3061431654
08/13/2020-11:28:54 78.1379816992 90.1556682691 47.2908005459
08/13/2020-11:28:59 78.1447096707 90.1549005994 47.2960455696
08/13/2020-11:29:05 78.1592869432 90.1592167789 47.342586609
08/13/2020-11:29:10 78.1503163138 90.156409557 47.4145565268
08/13/2020-11:29:15 78.1615296006 90.1563154469 47.4250050119
08/13/2020-11:29:20 78.1705002307 90.1601801161 47.3633381415
08/13/2020-11:29:25 78.1839561768 90.1578996185 47.2965765416
08/13/2020-11:29:30 78.1974121241 90.155619048 47.229811391
08/13/2020-11:29:35 78.1985334531 90.1584790658 47.2092310605
08/13/2020-11:29:40 78.2030187691 90.1537035254 47.2247375884
08/13/2020-11:29:45 78.2119894016 90.1565409044 47.2248611011
08/13/2020-11:29:50 78.1985334531 90.1639582873 47.2349802196
08/13/2020-11:29:55 78.1906841503 90.1571017908 47.2606195502
08/13/2020-11:30:00 78.1626509294 90.15575098 47.224195923
08/13/2020-11:30:05 78.1693789019 90.1535834039 47.2448847185
08/13/2020-11:30:10 78.1794708613 90.1564809388 47.2141198378
08/13/2020-11:30:15 78.1884414924 90.1552089335 47.2193930326
08/13/2020-11:30:20 78.1962907951 90.1548438404 47.2555460562
08/13/2020-11:30:25 78.1918054792 90.1514005765 47.2606386175
08/13/2020-11:30:31 78.1951694661 90.1574931317 47.2400824518
08/13/2020-11:30:36 78.1660149156 90.1621858496 47.249986693
08/13/2020-11:30:41 78.1121911446 90.1538131611 47.1926156577
08/13/2020-11:30:46 78.0796726254 90.1585768182 47.1509862592
08/13/2020-11:30:51 78.0292128679 90.1604049307 47.1503058451
08/13/2020-11:30:56 78.0359408346 90.1633737665 47.0680122423
08/13/2020-11:31:01 77.9933303837 90.1556221667 47.0725934038
08/13/2020-11:31:06 77.9709038354 90.1608854571 47.1237786011
08/13/2020-11:31:11 77.957447908 90.1587142502 47.1030055195
08/13/2020-11:31:16 77.946234636 90.1577508363 47.0513704559
08/13/2020-11:31:21 77.9260507486 90.1618550319 46.9635802289
08/13/2020-11:31:26 77.9249294216 90.1603651262 47.0201943574
08/13/2020-11:31:31 77.9058668638 90.1577122294 46.9993488073
08/13/2020-11:31:36 77.9350213649 90.1622653667 47.2005209411
08/13/2020-11:31:41 78.0056649867 90.1570182472 47.1036504858
08/13/2020-11:31:46 78.0662166885 90.1563754919 47.2383354551
08/13/2020-11:31:52 78.1447096707 90.1579825104 47.1621591577
08/13/2020-11:31:57 78.2411439608 90.1610942255 46.6896028594
08/13/2020-11:32:02 78.2646918781 90.1586590572 46.6435455539
08/13/2020-11:32:07 78.4272847387 90.1595511835 46.8620048926
08/13/2020-11:32:12 78.5338111889 90.1673017092 46.8376301838
08/13/2020-11:32:17 78.7165883231 90.1630839265 47.4841575472
08/13/2020-11:32:22 78.8354496435 90.1602367983 48.0423254778
08/13/2020-11:32:27 79.3635986987 90.1657100993 48.024161391
08/13/2020-11:32:32 79.3669627113 90.1666665225 45.8940774954
08/13/2020-11:32:37 79.3658413737 90.1682902821 45.4090557804
08/13/2020-11:32:43 79.3389292757 90.1622025291 45.1817128999
08/13/2020-11:32:48 79.3322012519 90.1633448109 45.3467619179
08/13/2020-11:32:53 79.2996824744 90.166403934 45.0471279789
08/13/2020-11:32:58 79.2436156329 90.1636460269 44.9949284994
08/13/2020-11:33:03 79.2391302865 90.164998772 46.7178407249
08/13/2020-11:33:08 86.5178985488 90.6137656124 50.7602062604
08/13/2020-11:33:13 88.8694707984 90.3552639091 52.2481518888
08/13/2020-11:33:18 88.2930687386 90.1781949972 42.5132571884
08/13/2020-11:33:23 87.5551875458 90.1750321491 37.90408039
08/13/2020-11:33:28 86.9653337005 90.1689065268 37.2352855842
08/13/2020-11:33:33 86.4461296232 90.1653263218 37.1256155573
08/13/2020-11:33:38 85.9437480828 90.1655719718 37.3080748475
08/13/2020-11:33:43 85.476131027 90.165312481 37.7352105709
08/13/2020-11:34:14 83.2199267691 90.1620418731 39.4212235395
08/13/2020-11:34:19 82.9182797052 90.1606882153 39.7732621779
08/13/2020-11:34:24 82.6614876899 90.1652032734 39.9798798334
08/13/2020-11:34:29 82.4136669818 90.161553013 40.3835035954
08/13/2020-11:34:34 82.0211915652 90.1634151885 40.5942757628
08/13/2020-11:34:39 81.6892702811 90.1673370834 40.9553951448
08/13/2020-11:34:44 81.3259518599 90.168194872 41.3574123851
08/13/2020-11:34:49 81.0018815241 90.1645388996 41.6609129923
08/13/2020-11:34:54 80.6979961209 90.1659890973 41.9746098467
08/13/2020-11:35:10 79.9702434848 90.163086964 42.6932949164
08/13/2020-11:35:15 79.7728874319 90.1633587139 42.9707701163
08/13/2020-11:35:20 79.5957157368 90.1649979874 43.1862728506
08/13/2020-11:35:25 79.4252722737 90.1672048638 43.4378649338
08/13/2020-11:35:30 79.2099755379 90.1625011947 43.6682793322
08/13/2020-11:35:35 79.041775173 90.1648807473 43.8680220834
08/13/2020-11:35:40 78.8332069763 90.161769445 44.0414907666
08/13/2020-11:35:45 78.644823042 90.1648235412 44.3439786581
08/13/2020-11:35:50 78.447468692 90.1609545062 44.5998048336
08/13/2020-11:35:55 78.2781478325 90.1604879107 44.8145433399
08/13/2020-11:36:00 78.1155551297 90.1623324137 45.0086395123
08/13/2020-11:36:05 77.9821171092 90.1632184356 45.2132639892
08/13/2020-11:36:10 77.8699844084 90.1587495414 45.3665435956
08/13/2020-11:36:15 77.7410319037 90.1593388547 45.4886814575
08/13/2020-11:36:20 77.6356273282 90.1619737476 45.6316451393
08/13/2020-11:36:25 77.5010684006 90.1631040208 45.7948055368
08/13/2020-11:36:31 77.3990279591 90.1591620012 45.9068282141
08/13/2020-11:36:36 77.2947449406 90.1642474915 46.0342250878
08/13/2020-11:36:41 77.1837340632 90.1619156394 46.1563553172
08/13/2020-11:36:46 77.0973923251 90.1610370609 46.3147666447
08/13/2020-11:36:51 76.9202237159 90.1523568812 46.4205473487
08/13/2020-11:36:56 76.935922192 90.1642862166 46.5030300248
08/13/2020-11:37:01 76.8720069778 90.1584620022 46.6050592598
08/13/2020-11:37:06 76.782301459 90.1668562598 46.6347511193
08/13/2020-11:37:11 76.6937173105 90.158922893 46.7415636082
08/13/2020-11:37:16 76.6455006435 90.1623195444 46.8540241801
08/13/2020-11:37:21 76.5378541859 90.1606242152 46.9553917716
08/13/2020-11:37:26 76.4952441506 90.1645015223 47.0267720918
08/13/2020-11:37:31 76.4268438555 90.1637553282 47.0772349369
08/13/2020-11:37:36 76.3674141157 90.1617406828 47.1380888372
08/13/2020-11:37:41 76.3315320197 90.1600350886 47.1427376516
08/13/2020-11:37:46 76.2653744272 90.1608663629 47.177798159
08/13/2020-11:37:52 76.2250070967 90.1580851398 47.1977931455
08/13/2020-11:37:57 76.192488977 90.1618082357 47.2487189965
08/13/2020-11:38:02 76.1465150954 90.1650394786 47.3045862843
08/13/2020-11:38:07 76.1207248752 90.1682787935 47.3658618063
08/13/2020-11:38:12 76.0657805074 90.1577672127 47.4010480046
08/13/2020-11:38:17 76.0287771687 90.1610974711 47.5032432316
08/13/2020-11:38:22 75.9973804035 90.1577320585 47.5233421426
08/13/2020-11:38:27 75.9659836447 90.160146747 47.5485693061
08/13/2020-11:38:32 75.9368295173 90.1603797754 47.5686943379
08/13/2020-11:38:37 75.9200098309 90.1593052282 47.5581896955
08/13/2020-11:38:42 75.8919770244 90.1603120244 47.5475205715
08/13/2020-11:38:47 75.8818852153 90.1611468579 47.6141239463
08/13/2020-11:38:52 75.8246983096 90.1569183335 47.6492429672
08/13/2020-11:38:57 75.8213343746 90.1610896134 47.6235275305
08/13/2020-11:39:03 75.7787245381 90.1618855099 47.6947904462
08/13/2020-11:39:08 75.7405999575 90.157575501 47.6891048941
08/13/2020-11:39:13 75.7260229145 90.1594152387 47.6940305752
08/13/2020-11:39:18 75.7002327649 90.1595769819 47.6679897529
08/13/2020-11:39:23 75.6677147563 90.1578294305 47.7085880837
08/13/2020-11:39:28 75.6598655828 90.1588748218 47.7238749868
08/13/2020-11:39:33 75.6452885475 90.1603424648 47.7339269846
08/13/2020-11:39:38 75.6172557911 90.1586147628 47.7489175471
08/13/2020-11:39:43 75.5914656597 90.1608562877 47.7793396107
08/13/2020-11:39:48 75.5712820817 90.1570884437 47.830369893
08/13/2020-11:39:54 75.5623116034 90.1583547631 47.8353684792
08/13/2020-11:39:59 75.5600689839 90.1612487907 47.8558657623
08/13/2020-11:40:04 75.5589476742 90.1597917687 47.8353222553
08/13/2020-11:40:09 75.5544624353 90.157350065 47.8506514638
08/13/2020-11:40:14 75.5354001717 90.1587973875 47.8452418605
08/13/2020-11:40:19 75.5387641004 90.1590686399 47.8504200172
08/13/2020-11:40:24 75.527551005 90.1604956762 47.8502554161
08/13/2020-11:40:29 75.4894264868 90.1599736438 47.7162764256
08/13/2020-11:40:34 75.4804560133 90.1622646447 47.7418026057
08/13/2020-11:40:39 75.478213395 90.1590091622 47.808482911
08/13/2020-11:40:44 75.4770920858 90.1606268718 47.7828096775
08/13/2020-11:40:49 75.467000304 90.1621441598 47.8083188076
08/13/2020-11:40:54 75.4591511408 90.161822677 47.7209704418
08/13/2020-11:41:00 75.4221479483 90.158969355 47.79739984
08/13/2020-11:41:05 75.415420096 90.1635207914 47.7921712729
08/13/2020-11:41:10 75.4311184184 90.1614610751 47.7770079517
08/13/2020-11:41:15 75.415420096 90.1607879324 47.7973024487
08/13/2020-11:41:20 75.41205617 90.1625662983 47.7921251586
08/13/2020-11:41:25 75.4019643925 90.1634001996 47.7355340517
08/13/2020-11:41:30 75.3851447646 90.1616117725 47.7506824351
08/13/2020-11:41:35 75.3795382225 90.1614710969 47.7403386791
08/13/2020-11:41:40 75.3829021477 90.159381336 47.7147343538
08/13/2020-11:41:45 75.369446447 90.158205827 47.7042737573
08/13/2020-11:41:50 75.3458989736 90.1603155534 47.8014230892
08/13/2020-11:41:55 75.3369285085 90.1622645272 47.770505552
08/13/2020-11:42:00 75.3324432761 90.1652884937 47.8268760543
08/13/2020-11:42:05 75.3122597321 90.1622039935 47.7957999445
08/13/2020-11:42:10 75.3044105768 90.161852275 47.7135935303
08/13/2020-11:42:15 75.2988040375 90.1648158496 47.7391697876
08/13/2020-11:42:21 75.2842270365 90.1632082294 47.7492161559
08/13/2020-11:42:26 75.2618008836 90.159912788 47.7591495373
08/13/2020-11:42:31 75.2662861139 90.1575721542 47.7438251833
08/13/2020-11:42:36 75.2674074215 90.1590288297 47.6720154599
08/13/2020-11:42:41 75.2427386563 90.1610175045 47.7383526679
08/13/2020-11:42:46 75.249466501 90.1612486795 47.6922776041
08/13/2020-11:42:51 75.212463359 90.1550097081 47.7276533752
08/13/2020-11:42:56 75.2046142088 90.1639097912 47.7634503956
08/13/2020-11:43:01 75.1956437519 90.1566367482 47.7274083291
08/13/2020-11:43:06 75.1922798307 90.154316227 47.7017130182
08/13/2020-11:43:11 75.1855519886 90.1602025889 47.6708319076
08/13/2020-11:43:16 75.196765059 90.1584348803 47.6761244607
08/13/2020-11:43:21 75.2023715945 90.1609664327 47.6915957315
08/13/2020-11:43:26 75.2079781302 90.1614487415 47.6301165374
08/13/2020-11:43:31 75.2135846662 90.1609064131 47.5686353653
08/13/2020-11:43:36 75.196765059 90.1628749124 47.6196944635
08/13/2020-11:43:42 75.1866732956 90.1603231659 47.7221508675
08/13/2020-11:43:47 75.1541553957 90.1582028272 47.7678424126
08/13/2020-11:43:52 75.1530340889 90.1574293403 47.7626974935
08/13/2020-11:43:57 75.1429423284 90.1609949906 47.7061241457
08/13/2020-11:44:02 75.1575193161 90.1595288544 47.6960789332
08/13/2020-11:44:07 75.1608832365 90.1570679153 47.6396976301
08/13/2020-11:44:12 75.1698536913 90.1602423782 47.6193099863
08/13/2020-11:44:17 75.1620045433 90.1585244664 47.5371154951
08/13/2020-11:44:22 75.137335795 90.1611957163 47.5880612772
08/13/2020-11:44:28 75.0913622293 90.1681750322 47.6592110455
08/13/2020-11:44:33 75.0958474546 90.1590046587 47.6644064237
08/13/2020-11:44:38 75.0958474546 90.1613952308 47.7208285851
08/13/2020-11:44:43 75.10033268 90.1634946864 47.7311535089
08/13/2020-11:44:48 75.0767852479 90.1628409064 47.5615462212
08/13/2020-11:44:53 75.0734213293 90.1673204968 47.5922717453
08/13/2020-11:44:59 75.0577230435 90.1581395128 47.5766618195
08/13/2020-11:45:04 75.0678147984 90.1562817145 47.607583713
08/13/2020-11:45:09 75.0711787169 90.1596265393 47.5871121476
08/13/2020-11:45:14 75.0723000231 90.161424492 47.5819979972
08/13/2020-11:45:19 75.0554804314 90.1582699939 47.55610962
08/13/2020-11:45:24 75.0442673713 90.1610919318 47.4738858269
08/13/2020-11:45:29 75.0453886772 90.156401442 47.4739008317
08/13/2020-11:45:34 75.0263264768 90.1591828371 47.4582381704
08/13/2020-11:45:39 75.0252051709 90.1607998434 47.4223186686
08/13/2020-11:45:45 75.0106281958 90.1595638389 47.4887927957
08/13/2020-11:45:50 75.0274477826 90.1586204422 47.4839040812
08/13/2020-11:45:55 75.0117495015 90.1589713085 47.4682915315
08/13/2020-11:46:00 75.0027790559 90.1595835846 47.4732955395
08/13/2020-11:46:05 75.0016577503 90.1557067025 47.5194363578
08/13/2020-11:46:10 75.006142973 90.1571230392 47.4835986431
08/13/2020-11:46:15 75.0106281958 90.1568319644 47.4272436255
08/13/2020-11:46:20 74.9982938333 90.1602161233 47.3450031805
08/13/2020-11:46:25 75.0039003616 90.1617229193 47.3296946273
08/13/2020-11:46:30 74.9848381663 90.159040405 47.314035469
08/13/2020-11:46:35 75.0128708073 90.1604276874 47.2990421698
08/13/2020-11:46:40 75.0162347245 90.1579972645 47.334996859
08/13/2020-11:46:45 74.9713825004 90.1565289516 47.3292351021
08/13/2020-11:46:50 74.9736251113 90.1563985 47.3395277902
08/13/2020-11:46:55 74.9713825004 90.1568704238 47.3292351021
08/13/2020-11:47:01 74.9971725277 90.1563694002 47.3603758511
08/13/2020-11:47:06 74.9837168608 90.156559633 47.2678580769
08/13/2020-11:47:11 74.9411072566 90.1597412955 47.2005864553
08/13/2020-11:47:16 74.9422285618 90.1594902738 47.2057301598
08/13/2020-11:47:21 74.9332581202 90.1580536728 47.1645758085
08/13/2020-11:47:26 74.9153172387 90.1558332775 47.1694562679
08/13/2020-11:47:31 74.9085894087 90.1603822972 47.1693636497
08/13/2020-11:47:36 74.8906485301 90.1605519984 47.2050161974
08/13/2020-11:47:41 74.8704650441 90.1581205245 47.1739608507
08/13/2020-11:47:46 74.8704650441 90.1581205245 47.2457609029
08/13/2020-11:47:51 74.8581306929 90.1577482326 47.2712311654
08/13/2020-11:47:56 74.8413111246 90.157666876 47.2812514926
08/13/2020-11:48:01 74.8592519975 90.1568143611 47.2353468658
08/13/2020-11:48:06 74.8547667791 90.1619155871 47.2711868709
08/13/2020-11:48:11 74.8704650441 90.1584619663 47.2919172788
08/13/2020-11:48:17 74.8738289582 90.1632022059 47.2304243359
08/13/2020-11:48:22 74.8704650441 90.1629007129 47.230375305
08/13/2020-11:48:27 74.8783141772 90.1591252203 47.2048401069
08/13/2020-11:48:32 74.874950263 90.1574881161 47.194538842
08/13/2020-11:48:37 74.8872846155 90.1612748576 47.1588087582
08/13/2020-11:48:42 74.8715863488 90.1585524099 47.1739754862
08/13/2020-11:48:47 74.8536454745 90.1597463688 47.1788551843
08/13/2020-11:48:52 74.8345832978 90.1581183578 47.1939767125
08/13/2020-11:48:57 74.8570093883 90.1624379203 47.1276182466
08/13/2020-11:49:02 74.8334619934 90.1655393944 47.1324211311
08/13/2020-11:49:07 74.8222489495 90.1580874547 47.0809813096
08/13/2020-11:49:12 74.8390685156 90.1660218048 47.09147074
08/13/2020-11:49:17 74.8401898201 90.1620150584 47.1222564947
08/13/2020-11:49:22 74.8469176471 90.1622464626 47.0710628286
08/13/2020-11:49:28 74.8570093883 90.1583406647 47.0096580841
08/13/2020-11:49:33 74.8457963426 90.1601074068 47.014632958
08/13/2020-11:49:38 74.8491602562 90.1580188455 46.9941660571
08/13/2020-11:49:43 74.8727076535 90.1583315589 46.953456116
08/13/2020-11:49:48 74.8424324291 90.1587816198 46.9171383542
08/13/2020-11:49:53 74.8457963426 90.1614731451 46.9223148849
08/13/2020-11:49:59 74.8390685156 90.1591931498 46.952996972
08/13/2020-11:50:04 74.8401898201 90.1586007299 46.9889125171
08/13/2020-11:50:09 74.8289767757 90.1579774162 46.947729546
08/13/2020-11:50:14 74.8413111246 90.159715474 46.9837981885
08/13/2020-11:50:19 74.8312193845 90.1575055942 47.0708500916
08/13/2020-11:50:24 74.8379472112 90.1594441365 47.1888972044
08/13/2020-11:50:29 74.8514028653 90.1616140957 47.3429339551
08/13/2020-11:50:34 74.8457963426 90.1601074068 47.5120816622
08/13/2020-11:50:39 74.8446750381 90.1589926582 47.5838571974
08/13/2020-11:50:44 74.8603733021 90.1586119968 47.6763815347
08/13/2020-11:50:49 74.8682224347 90.1599882856 47.6918823331
08/13/2020-11:50:55 74.879435482 90.1626602606 47.6356382415
08/13/2020-11:51:00 74.8805567867 90.1596777012 47.774106612
08/13/2020-11:51:05 74.900740274 90.1600303466 47.8359340247
08/13/2020-11:51:10 74.9231663741 90.1626427424 47.897799688
08/13/2020-11:51:15 74.9321368151 90.1634266049 47.9953640092
08/13/2020-11:51:20 74.9411072566 90.1607656857 48.1390714047
08/13/2020-11:51:25 74.9534416145 90.1618208568 48.2264266262
08/13/2020-11:51:30 74.9825955552 90.1605669057 48.2012304416
08/13/2020-11:51:35 74.9736251113 90.1635694394 47.9805973884
08/13/2020-11:51:40 75.0184773361 90.1636419301 47.9351054566
08/13/2020-11:51:45 75.0263264768 90.1632807088 47.858291927
08/13/2020-11:51:50 75.0487525952 90.16316117 47.9560673823
08/13/2020-11:51:55 75.0577230435 90.1642864929 48.1715992407
08/13/2020-11:52:00 75.0577230435 90.1680429861 48.4177497871
08/13/2020-11:52:05 75.0801491665 90.1634838778 48.7308955287
08/13/2020-11:52:11 75.0924835356 90.1682956244 48.6644289685
08/13/2020-11:52:16 75.1126670507 90.165232846 48.6647435376
08/13/2020-11:52:21 75.1294866487 90.1625816472 48.5316768561
08/13/2020-11:52:26 75.1339718751 90.1626320201 48.9471119973
08/13/2020-11:52:31 75.1362144884 90.1662281243 48.695881568
08/13/2020-11:52:36 75.1418210217 90.1609045555 48.5985353766
08/13/2020-11:52:41 75.1485488619 90.1625018916 48.6037679021
08/13/2020-11:52:46 75.164247157 90.1635169111 48.5527310535
08/13/2020-11:52:51 75.1036965992 90.1576489203 48.546662461
08/13/2020-11:52:56 75.1833093746 90.1617294081 48.5991828806
08/13/2020-11:53:01 75.1990076732 90.1644520951 48.5584008755
08/13/2020-11:53:06 75.2034929017 90.1634476673 48.3071524484
08/13/2020-11:53:11 75.212463359 90.1676469026 48.3790984788
08/13/2020-11:53:17 75.2203125096 90.1642115381 48.4817964225
08/13/2020-11:53:22 75.2505878085 90.1702196121 48.4309724298
08/13/2020-11:53:27 75.2662861139 90.1664527707 48.6722826555
08/13/2020-11:53:32 75.2774991903 90.1640017592 48.7391350754
08/13/2020-11:53:37 75.3010466532 90.1639719961 48.6471828364
08/13/2020-11:53:42 75.3122597321 90.1663029098 48.6268419111
08/13/2020-11:53:47 75.3212301958 90.1605665236 48.7346931834
08/13/2020-11:53:52 75.3559907475 90.1645754296 48.6070046782
08/13/2020-11:53:58 75.3683251387 90.1646056708 48.6174558216
08/13/2020-11:54:03 75.3728103721 90.1636311544 48.576489595
08/13/2020-11:54:08 75.3885086901 90.166695586 48.5459565506
08/13/2020-11:54:13 75.4086922441 90.1752459068 48.5565273813
08/13/2020-11:54:18 75.41205617 90.1632495113 48.6027516929
08/13/2020-11:54:23 75.427754492 90.1645757733 48.6081227236
08/13/2020-11:54:28 75.427754492 90.1642341619 48.6491626886
08/13/2020-11:54:33 75.4344823448 90.1603658956 48.6749170704
08/13/2020-11:54:38 75.4625150678 90.1648269216 48.6240558083
08/13/2020-11:54:43 75.4703642312 90.1617623231 48.557487702
08/13/2020-11:54:48 75.4737281585 90.1603254671 48.5524063967
08/13/2020-11:54:54 75.4860625591 90.161380386 48.6449446814
08/13/2020-11:54:59 75.4961543422 90.1625960982 48.6604951527
08/13/2020-11:55:04 75.5219444576 90.1644547559 48.7481147501
08/13/2020-11:55:09 75.5331575526 90.1609779135 48.7175088213
08/13/2020-11:55:14 75.5499771966 90.165841117 48.7485575834
08/13/2020-11:55:19 75.5645542229 90.1616104663 48.8360050786
08/13/2020-11:55:24 75.5836164902 90.1649764482 48.9389235758
08/13/2020-11:55:29 75.5925869697 90.1626550102 48.9031497276
08/13/2020-11:55:34 75.6127705505 90.1650864517 48.7495481048
08/13/2020-11:55:39 75.6094066202 90.16205172 48.8469798969
08/13/2020-11:55:45 75.6351967546 90.1652769179 48.9038272685
08/13/2020-11:55:50 75.6396819958 90.1602019298 48.8679833189
08/13/2020-11:55:55 75.6565016515 90.1623319305 48.8066775677
08/13/2020-11:56:00 75.6755639301 90.1625926804 48.7710581756
08/13/2020-11:56:05 75.6867770364 90.1597985292 48.7404466595
08/13/2020-11:56:10 75.7013540756 90.1603809186 48.8176514729
08/13/2020-11:56:15 75.7080819404 90.160611835 48.7151254712
08/13/2020-11:56:20 75.7204163599 90.1609832484 48.7358453005
08/13/2020-11:56:25 75.7349934024 90.1639274071 48.8027843725
08/13/2020-11:56:30 75.7349934024 90.162902294 49.1055409423
08/13/2020-11:56:35 75.7394786465 90.1591936193 49.1364022747
08/13/2020-11:56:40 75.7484491351 90.1599771715 49.1622066479
08/13/2020-11:56:45 75.770875359 90.1574334992 49.1779602167
08/13/2020-11:56:50 75.7316294693 90.1547718859 49.1670638672
08/13/2020-11:56:56 75.8078786355 90.1626782568 49.1580391651
08/13/2020-11:57:01 75.8258196213 90.1604561876 49.1480664308
08/13/2020-11:57:06 75.8426392973 90.1615308395 49.035431322
08/13/2020-11:57:11 75.8471245446 90.1608973925 48.9944479902
08/13/2020-11:57:16 75.8650655349 90.1620925747 49.0152639095
08/13/2020-11:57:21 75.8785212791 90.1574581649 49.0411451002
08/13/2020-11:57:26 75.8841278395 90.1568849308 49.0104359406
08/13/2020-11:57:31 75.8863704637 90.1605133669 49.0207400614
08/13/2020-11:57:36 75.90991802 90.1611653956 49.0211177835
08/13/2020-11:57:41 75.9121606446 90.1603209317 49.0160191043
08/13/2020-11:57:46 75.9323442674 90.1644610982 49.0163459032
08/13/2020-11:57:51 75.9368295173 90.1614050714 49.0318114638
08/13/2020-11:57:57 75.9502852678 90.1642891749 49.0115004691
08/13/2020-11:58:02 75.961498394 90.1625193244 49.0116806583
08/13/2020-11:58:07 75.9626197067 90.1595337694 49.1194853935
08/13/2020-11:58:12 75.983924649 90.1685191802 49.099294736
08/13/2020-11:58:17 75.9884099004 90.1624171049 49.1147669842
08/13/2020-11:58:22 75.9996230294 90.1613306972 49.1714101614
08/13/2020-11:58:27 76.0164427245 90.1603845974 49.3102701699
08/13/2020-11:58:32 76.0355050478 90.1616700051 49.2951825168
08/13/2020-11:58:37 76.036626361 90.1600514274 49.1771414972
08/13/2020-11:58:42 76.0433542405 90.161649346 49.136184734
08/13/2020-11:58:47 76.059052627 90.159245523 49.1621065916
08/13/2020-11:58:53 76.059052627 90.1616381395 49.1569733637
08/13/2020-11:58:58 76.0702657612 90.1608933715 49.157155422
08/13/2020-11:59:03 76.0792362691 90.1630139251 49.152164282
08/13/2020-11:59:08 76.0960559729 90.1620676307 49.2859049331
08/13/2020-11:59:13 76.1061477961 90.163966933 49.5273298048
08/13/2020-11:59:18 76.121846189 90.1584865006 49.4916612801
08/13/2020-11:59:23 76.1364232696 90.1617728408 49.3224999265
08/13/2020-11:59:28 76.157728236 90.1622435782 49.3023166353
08/13/2020-11:59:33 76.1644561207 90.1614487484 49.2921584641
08/13/2020-11:59:38 76.1812758339 90.1598185162 49.2205600593
08/13/2020-11:59:43 76.1936102914 90.1591638842 49.1950898825
08/13/2020-11:59:48 76.2037021209 90.158982002 49.2619920815
08/13/2020-11:59:54 76.2261284113 90.1615940585 49.2982974723
08/13/2020-11:59:59 76.2384628724 90.1599137869 49.3549738111
08/13/2020-12:00:04 76.2463120754 90.1578719091 49.3294357173
08/13/2020-12:00:09 76.2687383719 90.1638724628 49.3092610231
08/13/2020-12:00:14 76.2799515214 90.1573155317 49.2632348755
08/13/2020-12:00:19 76.2934073019 90.160883671 49.2223813668
08/13/2020-12:00:24 76.3169549206 90.1581160451 49.1868200646
08/13/2020-12:00:29 76.3281680736 90.1560032068 49.2742944531
08/13/2020-12:00:34 76.3449878047 90.160496214 49.2283494313
08/13/2020-12:00:40 76.3438664892 90.1583544956 49.289951068
08/13/2020-12:00:45 76.3629288532 90.1569043796 49.2851257289
08/13/2020-12:00:50 76.3831125353 90.1610450886 49.2392418365
08/13/2020-12:00:55 76.3988109565 90.1586097922 49.2035459563
08/13/2020-12:01:00 76.4156306953 90.1600559225 49.1781419724
08/13/2020-12:01:05 76.4223585913 90.1616540898 49.1987919513
08/13/2020-12:01:10 76.4380570166 90.163351784 49.1579630705
08/13/2020-12:01:15 76.4425422812 90.1610081052 49.1374940276
08/13/2020-12:01:20 76.4638472901 90.1600803794 49.1789203247
08/13/2020-12:01:25 76.4649686064 90.1598589628 49.1943503896
08/13/2020-12:01:30 76.4739391374 90.1595863577 49.1431339216
08/13/2020-12:01:35 76.4829096689 90.1596857971 49.2357272346
08/13/2020-12:01:40 76.50869995 90.160175374 49.2207356243
08/13/2020-12:01:45 76.505336 90.1605579832 49.1795905239
08/13/2020-12:01:50 76.3853551668 90.1499431335 49.2238704891
08/13/2020-12:01:55 76.5255197008 90.1623053458 49.1799198738
08/13/2020-12:02:01 76.5445820873 90.161538567 49.1802264685
08/13/2020-12:02:06 76.553552623 90.1660833399 49.1649649693
08/13/2020-12:02:11 76.5681297445 90.1584277078 49.154924479
08/13/2020-12:02:16 76.5838281846 90.1560217762 49.1603159831
08/13/2020-12:02:21 76.5838281846 90.1573896208 49.1603159831
08/13/2020-12:02:26 76.6006479437 90.1550739844 49.1811346623
08/13/2020-12:02:31 76.6197103395 90.1679857702 49.1557571155
08/13/2020-12:02:36 76.6241956095 90.1519626898 49.1712412361
08/13/2020-12:02:41 76.6342874674 90.1582777409 49.1508523829
08/13/2020-12:02:46 76.641015373 90.1602180192 49.1406859962
08/13/2020-12:02:52 76.6555925028 90.1635351693 49.1409235214
08/13/2020-12:02:57 76.6589564561 90.1566246328 49.1204260037
08/13/2020-12:03:02 76.6656843628 90.1603049793 49.1256760806
08/13/2020-12:03:07 76.6813828129 90.1616304653 49.1002382098
08/13/2020-12:03:12 76.6903533565 90.1624137115 49.0746978925
08/13/2020-12:03:17 76.7038091729 90.1591124885 49.0800490897
08/13/2020-12:03:22 76.7071731272 90.1590717268 49.100655249
08/13/2020-12:03:27 76.704930491 90.1527049023 49.0441034602
08/13/2020-12:03:32 76.7183863087 90.1613735705 49.0443166546
08/13/2020-12:03:37 76.7340847642 90.1558890266 49.0188804284
08/13/2020-12:03:43 76.7452979477 90.1561689209 48.998508207
08/13/2020-12:03:48 76.7553898135 90.1587525328 49.0089461055
08/13/2020-12:03:53 76.7632390429 90.1580471744 49.0193450412
08/13/2020-12:03:58 76.7643603615 90.1536913371 48.9422917774
08/13/2020-12:04:03 76.7744522285 90.1542228335 48.865380338
08/13/2020-12:04:08 76.7890293711 90.1568258988 48.875883695
08/13/2020-12:04:13 76.8024851961 90.1624470148 48.8504073601
08/13/2020-12:04:18 76.8114557468 90.1625160407 48.8094371382
08/13/2020-12:04:23 76.8092131091 90.1585729723 48.7014928435
08/13/2020-12:04:28 76.8036065149 90.1563808801 48.634602067
08/13/2020-12:04:33 76.8148197035 90.1648694657 48.5525531454
08/13/2020-12:04:39 76.8204262981 90.1561165519 48.5269442573
08/13/2020-12:04:44 76.8204262981 90.1568006177 48.5012489126
08/13/2020-12:04:49 76.8237902549 90.1563876426 48.4499057584
08/13/2020-12:04:54 76.8305181688 90.1518294116 48.4037539638
08/13/2020-12:04:59 76.8305181688 90.1545656959 48.3318030202
08/13/2020-12:05:04 76.8327608069 90.1578548691 48.3318400824
08/13/2020-12:05:09 76.8428526784 90.1535978013 48.2754587794
08/13/2020-12:05:14 76.8428526784 90.1587283964 48.2703192019
08/13/2020-12:05:19 76.837246083 90.1534579187 48.2445370985
08/13/2020-12:05:24 76.8428526784 90.1580443166 48.2240626548
08/13/2020-12:05:29 76.837246083 90.1596146028 48.1623027531
08/13/2020-12:05:34 76.8439739975 90.1512938841 48.1675416875
08/13/2020-12:05:40 76.8428526784 90.1618067571 48.172665753
08/13/2020-12:05:45 76.8428526784 90.1549659592 48.095568943
08/13/2020-12:05:50 76.8327608069 90.1551185762 48.0491600521
08/13/2020-12:05:55 76.8473379549 90.1556694464 48.0390921685
08/13/2020-12:06:00 76.8518232315 90.15195651 48.0185993197
08/13/2020-12:06:05 76.8507019123 90.1546024856 47.9928836935
08/13/2020-12:06:10 76.8619151043 90.1545402009 47.951927137
08/13/2020-12:06:15 76.8619151043 90.1518038399 47.8491218994
08/13/2020-12:06:20 76.8439739975 90.1550563207 47.7923197009
08/13/2020-12:06:25 76.8473379549 90.1536172016 47.7769442035
08/13/2020-12:06:30 76.8350034449 90.1529050413 47.6996623542
08/13/2020-12:06:35 76.837246083 90.1524318058 47.6894166554
08/13/2020-12:06:40 76.8462166358 90.1552370439 47.591871495
08/13/2020-12:06:45 76.8428526784 90.1535978013 47.6843564222
08/13/2020-12:06:51 76.782301459 90.1490711467 47.6526485135
08/13/2020-12:06:56 76.8473379549 90.1546433238 47.6278706585
08/13/2020-12:07:01 76.8540658699 90.151795184 47.6382466428
08/13/2020-12:07:06 76.8450953167 90.1507001624 47.571294035
08/13/2020-12:07:11 76.8271542118 90.1498481632 47.4271028204
08/13/2020-12:07:16 76.8204262981 90.1499599662 47.4475724934
08/13/2020-12:07:21 76.8204262981 90.1533802903 47.4218689884
08/13/2020-12:07:26 76.810334428 90.1501125991 47.4371488517
08/13/2020-12:07:31 76.8036065149 90.1491983048 47.4267744438
08/13/2020-12:07:36 76.7946359647 90.1528615253 47.4112253218
08/13/2020-12:07:41 76.7699669542 90.1510951217 47.4417249623
08/13/2020-12:07:46 76.7576324505 90.1473048124 47.5032360182
08/13/2020-12:07:51 76.7385700375 90.1504664848 47.4155870155
08/13/2020-12:07:56 76.7441766293 90.1499223851 47.477347755
08/13/2020-12:08:02 76.7340847642 90.1480228839 47.4412241077
08/13/2020-12:08:07 76.7026878548 90.1497881996 47.3482668097
08/13/2020-12:08:12 76.6858680846 90.1493683851 47.2400918286
08/13/2020-12:08:17 76.6757762233 90.1488368722 47.3273319415
08/13/2020-12:08:22 76.6600777738 90.1536672696 47.3271179104
08/13/2020-12:08:27 76.6589564561 90.1521788456 47.4350331683
08/13/2020-12:08:32 76.6421366906 90.1538409199 47.3679873448
08/13/2020-12:08:37 76.6264382445 90.1531693456 47.2855336014
08/13/2020-12:08:42 76.6174677046 90.1534120668 47.3162451748
08/13/2020-12:08:47 76.6107398 90.1521557929 47.3829661435
08/13/2020-12:08:52 76.5939200399 90.152761691 47.3827313492
08/13/2020-12:08:57 76.5849495019 90.1540603812 47.3877483183
08/13/2020-12:09:02 76.5479460381 90.1570525254 47.3666781374
08/13/2020-12:09:07 76.5344902353 90.1569034885 47.4230157907
08/13/2020-12:09:13 76.524398384 90.1512727841 47.3920451456
08/13/2020-12:09:18 76.5187918003 90.1525005123 47.4279384315
08/13/2020-12:09:23 76.5064573167 90.1545236102 47.3917952757
08/13/2020-12:09:28 76.4930015175 90.1577938796 47.2888291854
08/13/2020-12:09:33 76.472817821 90.151289721 47.2936910953
08/13/2020-12:09:38 76.4515128109 90.1580001671 47.339641381
08/13/2020-12:09:43 76.4234799074 90.1552782612 47.3135642183
08/13/2020-12:09:48 76.4021749041 90.1554920075 47.344096282
08/13/2020-12:09:53 76.384233851 90.1529298592 47.328433013
08/13/2020-12:09:58 76.3562009598 90.1512035808 47.302353191
08/13/2020-12:10:04 76.309105714 90.1516111717 47.2965631791
08/13/2020-12:10:09 76.3124696596 90.1508868024 47.317162438
08/13/2020-12:10:14 76.325925443 90.1523734866 47.3224854279
08/13/2020-12:10:19 76.3203188664 90.1525752237 47.3275450521
08/13/2020-12:10:24 76.3113483444 90.1525058138 47.3633861184
08/13/2020-12:10:29 76.2788302064 90.1527808555 47.34751864
08/13/2020-12:10:34 76.2597678529 90.1487609519 47.3215681787
08/13/2020-12:10:39 76.2496760196 90.1513058823 47.3265638638
08/13/2020-12:10:44 76.239584187 90.1497786092 47.2853296701
08/13/2020-12:10:49 76.2238857821 90.1525251211 47.3159332561
08/13/2020-12:10:54 76.2261284113 90.1544151506 47.3262366779
08/13/2020-12:10:59 76.2025808065 90.1503454791 47.34132014
08/13/2020-12:11:04 76.2003381777 90.1508484023 47.3515645318
08/13/2020-12:11:09 76.2014594921 90.1557246132 47.3567160853
08/13/2020-12:11:14 76.157728236 90.1485703053 47.3252889562
08/13/2020-12:11:19 76.1566069219 90.1515564013 47.2893177406
08/13/2020-12:11:24 76.1510003516 90.1503906863 47.2481464195
08/13/2020-12:11:30 76.1308167 90.1465923187 47.3300491095
08/13/2020-12:11:35 76.1162396199 90.1511680182 47.3452576567
08/13/2020-12:11:40 76.1039051687 90.1504553222 47.3502225035
08/13/2020-12:11:45 76.0882067776 90.1484159064 47.2370048625
08/13/2020-12:11:50 76.0859641504 90.1513114213 47.2472483506
08/13/2020-12:11:55 76.0534460602 90.1440660164 47.236524533
08/13/2020-12:12:00 76.0512034335 90.1449106466 47.3392155387
08/13/2020-12:12:05 76.0556886869 90.1466393804 47.3084584344
08/13/2020-12:12:10 76.045596867 90.1457957892 47.3904957175
08/13/2020-12:12:15 76.0523247469 90.14841902 47.3443661621
08/13/2020-12:12:20 76.0388689875 90.1482995089 47.3287724066
08/13/2020-12:12:25 76.0198066637 90.1473259952 47.2925528635
08/13/2020-12:12:30 76.0209279768 90.1460793533 47.2874365676
08/13/2020-12:12:35 76.0164427245 90.1450041059 47.2976447295
08/13/2020-12:12:41 76.0186853507 90.1462102419 47.25145166
08/13/2020-12:12:46 75.9884099004 90.1419102976 47.1945408777
08/13/2020-12:12:51 75.8830065274 90.1400488882 47.162278551
08/13/2020-12:12:56 75.9637410194 90.1449279457 47.2044734066
08/13/2020-12:13:01 75.9603770813 90.1405254082 47.2044249804
08/13/2020-12:13:06 75.9435573924 90.1479953238 47.2144682327
08/13/2020-12:13:11 75.9480426426 90.1469898175 47.2042554778
08/13/2020-12:13:16 75.9401934548 90.1470104914 47.1938780647
08/13/2020-12:13:21 75.9020688342 90.14953616 47.2292966988
08/13/2020-12:13:26 75.8796425912 90.145587418 47.2803403281
08/13/2020-12:13:31 75.8426392973 90.1458109818 47.2541495179
08/13/2020-12:13:36 75.8123638817 90.155180168 47.2794032245
08/13/2020-12:13:41 75.8235769979 90.1462342973 47.2898285527
08/13/2020-12:13:47 75.7989081434 90.1444668414 47.304889627
08/13/2020-12:13:52 75.8078786355 90.1469588745 47.2844790986
08/13/2020-12:13:57 75.7798458494 90.1428397721 47.2173420429
08/13/2020-12:14:02 75.7742392928 90.1430411089 47.2121299923
08/13/2020-12:14:07 75.795544209 90.1468992987 47.1199992667
08/13/2020-12:14:12 75.806757324 90.1451297256 47.1766344624
08/13/2020-12:14:17 75.7944228975 90.1444168587 47.2278100692
08/13/2020-12:14:22 75.8033933894 90.1390492536 47.150917879
08/13/2020-12:14:27 75.8022720779 90.1416926464 47.0636137096
08/13/2020-12:14:32 75.8033933894 90.1407578678 47.1047059087
08/13/2020-12:14:37 75.7865737176 90.1447791303 47.1506861955
08/13/2020-12:14:42 75.7742392928 90.1478251125 47.1145759519
08/13/2020-12:14:48 75.7742392928 90.1426993946 47.0837688315
08/13/2020-12:14:53 75.7551770019 90.1455145497 47.1810623222
08/13/2020-12:14:58 75.7394786465 90.1407415795 47.1603076713
08/13/2020-12:15:03 75.7159311163 90.1411147119 47.1343134306
08/13/2020-12:15:08 75.6968688326 90.1418794755 47.149454847
08/13/2020-12:15:13 75.687898347 90.1434878724 47.1493292476
08/13/2020-12:15:18 75.6834131044 90.1455180948 47.10306618
08/13/2020-12:15:23 75.6688360668 90.1459609294 47.1285332135
08/13/2020-12:15:28 75.6576229619 90.1415798783 47.1129776555
08/13/2020-12:15:33 75.6542590306 90.1413086906 47.1283354711
08/13/2020-12:15:38 75.6565016515 90.1408061255 47.1951021564
08/13/2020-12:15:44 75.6307115135 90.1409982135 47.1947479015
08/13/2020-12:15:49 75.6273475828 90.1396718837 47.1792990234
08/13/2020-12:15:54 75.6049213799 90.1404767597 47.076320928
08/13/2020-12:15:59 75.60604269 90.1412504829 47.0763353363
08/13/2020-12:16:04 75.6026787598 90.1396126418 47.0865590112
08/13/2020-12:16:09 75.6026787598 90.1440542501 47.1584264454
08/13/2020-12:16:14 75.6150131708 90.1382756085 47.1534623762
08/13/2020-12:16:19 75.607164 90.1454709779 47.1636227068
08/13/2020-12:16:24 75.5881017299 90.1390304129 47.0863570898
08/13/2020-12:16:29 75.6049213799 90.1387684468 47.0557869807
08/13/2020-12:16:34 75.5735247013 90.1405282253 46.9937600813
08/13/2020-12:16:39 75.5533411256 90.139493959 47.0242877426
08/13/2020-12:16:44 75.527551005 90.1386307079 46.9931353319
08/13/2020-12:16:50 75.5230657671 90.1419969981 46.9879402438
08/13/2020-12:16:55 75.5040035073 90.1424195667 47.0030816018
08/13/2020-12:17:00 75.5197018387 90.1430923413 47.0289615714
08/13/2020-12:17:05 75.4983969608 90.142279049 47.0953961574
08/13/2020-12:17:10 75.4927904145 90.1373557285 47.1055845369
08/13/2020-12:17:15 75.4972756515 90.1418470158 47.0953817095
08/13/2020-12:17:20 75.4737281585 90.1377782981 47.0078036089
08/13/2020-12:17:25 75.4524232869 90.1397280928 47.0177820448
08/13/2020-12:17:30 75.4647576859 90.1414660309 47.01794948
08/13/2020-12:17:35 75.4636363769 90.1386125346 46.9563379158
08/13/2020-12:17:41 75.4557872138 90.1406825351 47.022957704
08/13/2020-12:17:46 75.4647576859 90.1387330692 47.0641431509
08/13/2020-12:17:52 75.4658789949 90.142239676 47.0641575622
08/13/2020-12:17:57 75.4647576859 90.1421492717 47.0025514503
08/13/2020-12:18:02 75.4737281585 90.1435858882 47.0078036089
08/13/2020-12:18:07 75.4726068494 90.1421289916 46.930797455
08/13/2020-12:18:12 75.4703642312 90.1426314282 46.8999718491
08/13/2020-12:18:17 75.4501806691 90.139517154 46.9407591214
08/13/2020-12:18:22 75.4625150678 90.1378388952 46.9357926145
08/13/2020-12:18:27 75.4546659049 90.1436666879 46.9151572004
08/13/2020-12:18:32 75.4456954334 90.1398086399 46.8945031276
08/13/2020-12:18:37 75.4501806691 90.1398587697 46.8586351373
08/13/2020-12:18:42 75.4299971096 90.1446317146 46.9096928198
08/13/2020-12:18:48 75.4434528156 90.1365533128 46.8842092998
08/13/2020-12:18:53 75.4131774787 90.1442100072 46.868405149
08/13/2020-12:18:58 75.390751307 90.1395485253 46.8578381488
08/13/2020-12:19:03 75.3829021477 90.137177583 46.8269399323
08/13/2020-12:19:08 75.3649612137 90.1383734609 46.8113030336
08/13/2020-12:19:13 75.3638399054 90.1410157731 46.7856271842
08/13/2020-12:19:18 75.3638399054 90.1410157731 46.8061566041
08/13/2020-12:19:23 75.3436563573 90.13926791 46.7956197955
08/13/2020-12:19:28 75.3268367358 90.1381629935 46.8467153505
08/13/2020-12:19:33 75.3346858923 90.139539268 46.8519558815
08/13/2020-12:19:38 75.3088958083 90.1393586816 46.9131892445
08/13/2020-12:19:44 75.3111384242 90.1385449124 46.9234861247
08/13/2020-12:19:49 75.2831057287 90.1388665976 46.8666575615
08/13/2020-13:46:48 75.9020688342 90.0210391777 46.2483436394
08/13/2020-13:46:54 75.9906525261 90.0176854661 46.2751449419
08/13/2020-13:46:59 76.0085935332 90.0246883265 46.254822053
08/13/2020-13:47:04 76.0287771687 90.0189143959 46.2499413294
08/13/2020-13:47:09 76.0298984819 90.0227642362 46.0393131951
08/13/2020-13:47:14 76.0568100002 90.0209796431 45.9779909855
08/13/2020-13:47:19 76.0691444477 90.0251088545 45.9678653825
08/13/2020-13:47:24 76.0680231343 90.0188663408 46.0911648249
08/13/2020-13:47:29 76.0803575827 90.0212865761 46.1889377338
08/13/2020-13:47:34 76.0893280912 90.0216969752 46.2815286767
08/13/2020-13:47:39 76.0882067776 90.0185305356 46.5538058491
08/13/2020-13:47:44 76.1106330511 90.0184052782 46.8058251147
08/13/2020-13:47:49 76.1117543648 90.0208881688 46.8212504276
08/13/2020-13:47:54 76.0276558556 90.0119885618 46.6763074321
08/13/2020-13:48:00 76.1308167 90.0180693552 46.7187566033
08/13/2020-13:48:05 76.1431511534 90.020489628 46.6880935561
08/13/2020-13:48:10 76.1610921783 90.018264044 46.6523651325
08/13/2020-13:48:15 76.1823971482 90.0214665894 46.4368506748
08/13/2020-13:48:20 76.1947316057 90.0180758349 46.2263350436
08/13/2020-13:48:25 76.2003381777 90.0161643823 46.21098981
08/13/2020-13:48:30 76.2227644675 90.0194571576 46.6377590501
08/13/2020-13:48:35 76.2407055017 90.0182567677 46.7818593318
08/13/2020-13:48:40 76.2541612788 90.0149559745 46.7460692044
08/13/2020-13:48:45 76.2620104826 90.0186944596 46.7102036691
08/13/2020-13:48:50 76.2586465381 90.0211584907 46.6433648311
08/13/2020-13:48:55 76.2732236316 90.0165804894 46.6538295672
08/13/2020-13:49:01 76.2990138775 90.0249602067 46.6233376543
08/13/2020-13:49:06 76.3034991381 90.0198514349 46.515479788
08/13/2020-13:49:11 76.322561497 90.0180873997 46.4592002929
08/13/2020-13:49:16 76.3304107043 90.0201167223 46.484994434
08/13/2020-13:49:21 76.3360172812 90.0185468341 46.5056227236
08/13/2020-13:49:26 76.3427451738 90.0156996797 46.5725156231
08/13/2020-13:49:31 76.3494730666 90.0155874965 46.5417679764
08/13/2020-13:49:36 76.3595649064 90.0178274059 46.6035682082
08/13/2020-13:49:41 76.3898404299 90.0207564505 46.7016040148
08/13/2020-13:49:46 76.4133880634 90.0203787855 46.6864948075
08/13/2020-13:49:51 76.4335717521 90.0169650005 46.6918961379
08/13/2020-13:49:56 76.4459062298 90.016308337 46.6612203517
08/13/2020-13:50:02 76.4582407085 90.0132582795 46.676799407
08/13/2020-13:50:07 76.4739391374 90.0149538081 46.6513077067
08/13/2020-13:50:12 76.491880201 90.0144364072 46.420243078
08/13/2020-13:50:17 76.5120639 90.0182326178 46.4307832248
08/13/2020-13:50:22 76.5400968197 90.0182154998 46.4465583858
08/13/2020-13:50:27 76.5479460381 90.0151460564 46.4466615652
08/13/2020-13:50:32 76.559159208 90.0167924866 46.4365240433
08/13/2020-13:50:37 76.5793429159 90.0150875955 46.3905131153
08/13/2020-13:50:42 76.5894347708 90.0145920986 46.3700791789
08/13/2020-13:50:47 76.6062545305 90.0170617537 46.2212022397
08/13/2020-13:50:52 76.6006479437 90.0155546258 46.1902851555
08/13/2020-13:50:57 76.6141037523 90.0197752432 46.1596035605
08/13/2020-13:51:02 76.6331661498 90.0176379951 46.1546974289
08/13/2020-13:51:07 76.6331661498 90.0190058447 46.1444145382
08/13/2020-13:51:12 76.6387727377 90.0136737342 46.1547671045
08/13/2020-13:51:17 76.651107232 90.0160943355 46.2885972315
08/13/2020-13:51:22 76.6578351383 90.0183756779 46.3349532827
08/13/2020-13:51:28 76.6645630449 90.0138176082 46.3093305713
08/13/2020-13:51:33 76.6825041308 90.0174034376 46.4021020881
08/13/2020-13:51:38 76.6925959925 90.0189596788 46.3559581308
08/13/2020-13:51:43 76.7206289451 90.0217079977 46.3923049393
08/13/2020-13:51:48 76.7239928998 90.024030655 46.4283364483
08/13/2020-13:51:53 76.7441766293 90.0172254009 46.4697293136
08/13/2020-13:51:58 76.7666029985 90.0205183948 46.392888363
08/13/2020-13:52:03 76.7699669542 90.0149750359 46.3260824035
08/13/2020-13:52:08 76.7879080523 90.0189030144 46.2440323094
08/13/2020-13:52:14 76.8002425585 90.0172196302 46.3367472463
08/13/2020-13:52:19 76.8036065149 90.01581033 46.347076003
08/13/2020-13:52:24 76.8293968498 90.0204000766 46.2342647399
08/13/2020-13:52:29 76.8383674021 90.0174198226 46.1932373472
08/13/2020-13:52:34 76.8462166358 90.0160293452 46.1521911384
08/13/2020-13:52:39 76.855187189 90.0161272621 46.0597313108
08/13/2020-13:52:44 76.8720069778 90.0161726937 46.0496473335
08/13/2020-13:52:49 76.8832201714 90.0198714225 46.0394984721
08/13/2020-13:52:54 76.8921907268 90.0162068849 46.0704695689
08/13/2020-13:53:00 76.8966760047 90.0131774451 46.0448092025
08/13/2020-13:53:05 76.9213450355 90.0159667607 46.0759703743
08/13/2020-13:53:10 76.9168597569 90.0152337391 46.111917778
08/13/2020-13:53:15 76.9191023962 90.0171244319 46.0965136948
08/13/2020-13:53:20 76.9336795524 90.015309119 46.132698928
08/13/2020-13:53:25 76.9325582327 90.0131665785 46.1172557388
08/13/2020-13:53:30 76.9594699091 90.0144260235 46.117584415
08/13/2020-13:53:35 76.9751683893 90.0140690256 46.0354791021
08/13/2020-13:53:40 76.9886242307 90.0182904557 46.0870805382
08/13/2020-13:53:45 76.996473472 90.0168996668 46.0820314798
08/13/2020-13:53:50 77.005444034 90.0139187724 46.0307037903
08/13/2020-13:53:55 77.0121719559 90.0158584709 46.0410732697
08/13/2020-13:54:01 77.0177785577 90.0142871779 46.025709643
08/13/2020-13:54:06 77.0379623258 90.0166855218 46.0105209745
08/13/2020-13:54:11 77.0402049669 90.0148435234 46.0054066298
08/13/2020-13:54:16 77.0390836463 90.0123587091 46.0053938146
08/13/2020-13:54:21 77.0570247759 90.017313304 46.0261890892
08/13/2020-13:54:26 77.0693593037 90.0122081814 46.0366277081
08/13/2020-13:54:31 77.0615100586 90.0142532666 46.0108073037
08/13/2020-13:54:36 77.0704806245 90.0170877219 46.0417849687
08/13/2020-13:54:41 77.072723266 90.0128209223 46.0315218336
08/13/2020-13:54:46 77.0839364742 90.012414831 45.9956471098
08/13/2020-13:54:51 77.0917857204 90.0127643783 46.0060344204
08/13/2020-13:54:56 77.10299893 90.0154071229 45.970153925
08/13/2020-13:55:01 77.105241572 90.0169860508 45.9907625797
08/13/2020-13:55:06 77.104120251 90.0114221549 45.9958944862
08/13/2020-13:55:11 77.1130908193 90.0176476532 45.9960010997
08/13/2020-13:55:16 77.1243040305 90.0165573208 45.965268506
08/13/2020-13:55:22 77.1243040305 90.0151888764 45.9498338777
08/13/2020-13:55:27 77.1332746 90.0169970907 45.883059255
08/13/2020-13:55:32 77.1489730979 90.0152412139 45.8009213407
08/13/2020-13:55:37 77.1500944192 90.0146471913 45.8112244124
08/13/2020-13:55:42 77.1702782047 90.0157070929 45.7548671818
08/13/2020-13:55:47 77.1837340632 90.0144549101 45.6675494477
08/13/2020-13:55:52 77.1938259578 90.0119056493 45.6367941709
08/13/2020-13:55:57 77.1994325662 90.0151238391 45.580255105
08/13/2020-13:56:02 77.2084031401 90.0121121137 45.5443350096
08/13/2020-13:56:07 77.2196163582 90.0127322117 45.5290266655
08/13/2020-13:56:12 77.2386788309 90.0140138477 45.4932217093
08/13/2020-13:56:17 77.2319508991 90.0158375227 45.4674135238
08/13/2020-13:56:22 77.2375575089 90.0108443319 45.4726243198
08/13/2020-13:56:27 77.2398001529 90.0131076901 45.446920694
08/13/2020-13:56:32 77.2543773395 90.0143405538 45.4007668508
08/13/2020-13:56:37 77.2409214749 90.0149086309 45.3903219431
08/13/2020-13:56:43 77.2398001529 90.013791982 45.3748705038
08/13/2020-13:56:48 77.2420427969 90.0115773763 45.3491617847
08/13/2020-13:56:53 77.2543773395 90.0116033517 45.3390076947
08/13/2020-13:56:58 77.2566199838 90.0110994648 45.3390315257
08/13/2020-13:57:03 77.247649407 90.0127427809 45.2565856245
08/13/2020-13:57:08 77.2487707291 90.0138594353 45.2205701212
08/13/2020-13:57:13 77.2409214749 90.0152507773 45.2050436216
08/13/2020-13:57:18 77.2375575089 90.0084493182 45.1947109893
08/13/2020-13:57:23 77.2532560174 90.009802396 45.1794463157
08/13/2020-13:57:28 77.2252229676 90.0087654949 45.1482537529
08/13/2020-13:57:33 77.2218590019 90.0088370182 45.1482187421
08/13/2020-13:57:38 77.2151310709 90.0099463365 45.1481409365
08/13/2020-13:57:43 77.2140097491 90.0132775079 45.1378359037
08/13/2020-13:57:48 77.1927046362 90.0101047824 45.1427492704
08/13/2020-13:57:53 77.1927046362 90.0087362575 45.1273095969
08/13/2020-13:57:58 77.1747634907 90.0119925078 45.1168186551
08/13/2020-13:58:04 77.1478517765 90.010361348 45.1062273561
08/13/2020-13:58:09 77.1400025275 90.012778846 45.1318733244
08/13/2020-13:58:14 77.1287893152 90.0087375701 45.1008718843
08/13/2020-13:58:19 77.1074842141 90.0120348998 45.0697590488
08/13/2020-13:58:24 77.1086055351 90.0114409016 45.1006471925
08/13/2020-13:58:29 77.0873004368 90.0110050499 45.1570195246
08/13/2020-13:58:34 77.0884217577 90.011437363 45.1107181986
08/13/2020-13:58:41 77.0738445868 90.0081518755 45.1002674357
08/13/2020-13:58:46 77.0603887379 90.0062949531 45.0846789478
08/13/2020-13:58:51 77.0570247759 90.0121819447 45.0846441213
08/13/2020-13:58:56 77.0402049669 90.012791011 45.0896040157
08/13/2020-13:59:01 77.026749121 90.0133586729 45.0482920765
08/13/2020-13:59:06 77.0188998781 90.0116407666 45.0482034043
08/13/2020-13:59:11 76.9998374327 90.0151479689 45.0788677781
08/13/2020-13:59:16 76.9751683893 90.0113325011 45.0374346095
08/13/2020-13:59:22 76.969561789 90.0125616572 45.0733897168
08/13/2020-13:59:27 76.9247089946 90.0093964305 45.0420246671
08/13/2020-13:59:32 76.9191023962 90.0075470745 45.1037017561
08/13/2020-13:59:37 76.9101318392 90.0112418612 45.1447627812
08/13/2020-13:59:44 76.8798562132 90.0052351932 45.1341380303
08/13/2020-13:59:49 76.855187189 90.012364939 45.0824206679
08/13/2020-13:59:54 76.7273568545 90.0007341193 45.1170137744
08/13/2020-13:59:59 76.8013638773 90.0125216787 45.122976179
08/13/2020-14:00:05 76.7890293711 90.0138631058 45.1331277238
08/13/2020-14:00:10 76.7710882728 90.0133552468 45.1432163843
08/13/2020-14:00:15 76.7464192661 90.0122759214 45.1789484475
08/13/2020-14:00:20 76.7295994911 90.0132262129 45.1890471
08/13/2020-14:00:25 76.725114218 90.0179951448 45.1889999442
08/13/2020-14:00:30 76.6937173105 90.010500406 45.1320696217
08/13/2020-14:00:35 76.6836254487 90.0110261822 45.209108962
08/13/2020-14:00:40 76.6533498674 90.0080675782 45.2087661021
08/13/2020-14:00:45 76.6376514201 90.0087960173 45.2137355543
08/13/2020-14:00:50 76.6309235147 90.0071986845 45.2702314417
08/13/2020-14:00:55 76.6107398 90.0105836046 45.2648585656
08/13/2020-14:01:00 76.6040118957 90.005908706 45.264783174
08/13/2020-14:01:06 76.5793429159 90.0167973248 45.2593629307
08/13/2020-14:01:11 76.5468247212 90.009896704 45.3309845213
08/13/2020-14:01:16 76.524398384 90.0073179454 45.2330333604
08/13/2020-14:01:21 76.4750604538 90.0078638611 45.2684677227
08/13/2020-14:01:26 76.4660899228 90.0112148363 45.2683683337
08/13/2020-14:01:31 76.4391783327 90.0047959038 45.3091941996
08/13/2020-14:01:36 76.4268438555 90.0071621708 45.3090543757
08/13/2020-14:01:41 76.4358143843 90.0062347108 45.3605723933
08/13/2020-14:01:46 76.4100241155 90.0087954422 45.329427678
08/13/2020-14:01:51 76.3864764825 90.0037031552 45.2983125457
08/13/2020-14:01:56 76.4156306953 90.0058577603 45.2935025168
08/13/2020-14:02:01 76.3797485881 90.0062086296 45.2673898884
08/13/2020-14:02:06 76.3752633253 90.0071851349 45.2467735861
08/13/2020-14:02:11 76.3203188664 90.0018090807 45.3027024775
08/13/2020-14:02:16 76.3102270292 90.0033298495 45.3180084955
08/13/2020-14:02:21 76.2889220416 90.0008414054 45.3074871989
08/13/2020-14:02:27 76.2934073019 89.9988394229 45.3023986563
08/13/2020-14:02:32 76.2810728364 90.0070167645 45.3382418437
08/13/2020-14:02:37 76.2575252232 89.9964552072 45.3739545512
08/13/2020-14:02:42 76.2373415577 89.9988128034 45.3942810125
08/13/2020-14:02:47 76.2451907606 90.0025511191 45.4149302587
08/13/2020-14:02:52 76.239584187 90.0014162424 45.3994493636
08/13/2020-14:02:57 76.2384628724 90.0009540842 45.3685927312
08/13/2020-14:03:02 76.2440694459 90.000409824 45.3326760592
08/13/2020-14:03:07 76.2205218384 90.0014710644 45.2912865512
08/13/2020-14:03:12 76.2025808065 89.997544202 45.2962226937
08/13/2020-14:03:17 76.1868824053 89.9989553498 45.3114663122
08/13/2020-14:03:22 76.1711840058 90.0020454555 45.2958666853
08/13/2020-14:03:27 76.185761091 89.9974677341 45.2857509425
08/13/2020-14:03:32 76.1745479484 90.0006371515 45.3061862818
08/13/2020-14:03:38 76.1812758339 89.9998413767 45.3216818302
08/13/2020-14:03:43 76.1510003516 89.9975963638 45.2648005677
08/13/2020-14:03:48 76.1375445835 89.9971068955 45.2749242318
08/13/2020-14:03:53 76.1476364094 90.0034482126 45.2390622062
08/13/2020-14:03:58 76.157728236 89.9974842385 45.2134785325
08/13/2020-14:04:03 76.1252101306 90.0083591665 45.269644945
08/13/2020-14:04:08 76.1128756786 89.9973939734 45.2746446845
08/13/2020-14:04:13 76.1050264824 89.9963904205 45.3002536651
08/13/2020-14:04:19 76.0994199139 90.0024033241 45.2590748053
08/13/2020-14:04:24 76.0938133457 89.997820456 45.2692896658
08/13/2020-14:04:29 76.0803575827 90.0007789299 45.3256691179
08/13/2020-14:04:34 76.0657805074 89.9978065802 45.3255003623
08/13/2020-14:04:39 76.0680231343 90.0017768257 45.3460847351
08/13/2020-14:04:44 76.0276558556 89.9948996935 45.3713153643
08/13/2020-14:04:49 76.0276558556 89.9959250232 45.3353439305
08/13/2020-14:04:54 75.9301016426 89.9872211225 45.3290864756
08/13/2020-14:04:59 76.0063509072 89.9961407493 45.3402370886
08/13/2020-14:05:05 76.0164427245 89.9997472804 45.3403538753
08/13/2020-14:05:10 76.0231706031 89.9989517323 45.314736455
08/13/2020-14:05:15 76.0175640376 89.9988122041 45.2889782621
08/13/2020-14:05:20 76.0130787853 89.9960287398 45.2735098309
08/13/2020-14:05:25 75.9715902083 89.9982891738 45.2884535597
08/13/2020-14:05:30 75.9502852678 89.9951172568 45.3395965702
08/13/2020-14:05:35 75.931222955 89.9968802734 45.2931310016
08/13/2020-14:05:40 75.9121606446 89.9973063036 45.2929144372
08/13/2020-14:05:45 75.9065540832 89.9937493283 45.3288167148
08/13/2020-14:05:50 75.9144032692 89.9958081684 45.2826662104
08/13/2020-14:05:55 75.8874917758 89.9986178923 45.3080475231
08/13/2020-14:06:00 75.9177672062 90.0012050581 45.2724258924
08/13/2020-14:06:05 75.8740360309 89.9981581982 45.2513778563
08/13/2020-14:06:10 75.8740360309 89.997816468 45.2205500317
08/13/2020-14:06:15 75.8650655349 89.9929335847 45.3129281103
08/13/2020-14:06:20 75.8549737276 89.9968754403 45.307677762
08/13/2020-14:06:25 75.8538524157 89.9957299368 45.3333502466
08/13/2020-14:06:31 75.8572163514 89.9984228387 45.3333905563
08/13/2020-14:06:36 75.862822911 89.9930948216 45.2974905973
08/13/2020-14:06:41 75.862822911 89.9937782744 45.2974905973
08/13/2020-14:06:46 75.8841278395 89.9979753282 45.2617656983
08/13/2020-14:06:51 75.8785212791 89.9985492794 45.2719816265
08/13/2020-14:06:56 75.8998262097 90.0000125424 45.2105642706
08/13/2020-14:07:01 75.888613088 89.9973412032 45.1847464458
08/13/2020-14:07:06 75.9031901464 89.996895985 45.1489451179
08/13/2020-14:07:11 75.8942196487 89.9981642631 45.1128746527
08/13/2020-14:07:16 75.8785212791 89.9964988899 45.09214878
08/13/2020-14:07:21 75.877399967 89.9980872154 44.9996440804
08/13/2020-14:07:26 75.8830065274 89.9968598808 45.0613662718
08/13/2020-14:07:31 75.8830065274 89.9951512173 45.0356747227
08/13/2020-14:07:36 75.8740360309 89.9964495473 45.081821367
08/13/2020-14:07:41 75.8560950395 89.9983325884 45.0713452174
08/13/2020-14:07:47 75.8437606091 89.9983048345 45.0866221721
08/13/2020-14:07:52 75.8415179855 89.9936518878 45.0609046732
08/13/2020-14:07:57 75.8280622446 89.9976345105 45.0607559821
08/13/2020-14:08:02 75.8347901149 89.9978643812 45.0659683095
08/13/2020-14:08:07 75.8078786355 89.9948946245 45.0245680293
08/13/2020-14:08:12 75.8157278165 89.9955564511 45.0657568705
08/13/2020-14:08:17 75.8123638817 89.9914967992 45.0965445625
08/13/2020-14:08:22 75.8011507664 89.992584428 45.1015565211
08/13/2020-14:08:27 75.8168491281 89.9963301257 45.0246654817
08/13/2020-14:08:32 75.8011507664 89.992584428 45.0553168545
08/13/2020-14:08:37 75.7854524062 89.9946778395 45.0602823863
08/13/2020-14:08:42 75.7742392928 89.9964487773 45.0704322835
08/13/2020-14:08:47 75.7439638907 89.9935198885 45.0957819808
08/13/2020-14:08:53 75.7394786465 89.9948372502 45.0649067952
08/13/2020-14:08:58 75.7305081584 89.9968186473 45.0442595105
08/13/2020-14:09:03 75.7260229145 89.9988193452 45.0339340336
08/13/2020-14:09:08 75.7181737381 89.9916354145 45.023569623
08/13/2020-14:09:13 75.673321309 89.988839904 45.0127999545
08/13/2020-14:09:18 75.684534415 89.9898025566 45.0077876176
08/13/2020-14:09:23 75.704718008 89.9928840074 45.002872453
08/13/2020-14:09:28 75.7114458729 89.9903804758 45.0132209707
08/13/2020-14:09:33 75.6979901434 89.9923124181 44.9873868543
08/13/2020-14:09:38 75.6968688326 89.9905137879 44.9616890343
08/13/2020-14:09:43 75.6665934458 89.9913433304 45.0229998165
08/13/2020-14:09:48 75.6744426196 89.9920051732 45.0333597104
08/13/2020-14:09:53 75.6318328238 89.9876817564 44.9866558812
08/13/2020-14:09:58 75.6194984114 89.9873121587 45.0070665565
08/13/2020-14:10:03 75.632954134 89.992896851 44.9918043499
08/13/2020-14:10:08 75.6217410318 89.9909091856 45.0019532442
08/13/2020-14:10:14 75.5948295897 89.9879395143 45.0170666466
08/13/2020-14:10:19 75.5948295897 89.9937474779 44.9913839719
08/13/2020-14:10:24 75.5836164902 89.9910765387 45.0220781405
08/13/2020-14:10:29 75.5780099407 89.9878620667 45.0066063909
08/13/2020-14:10:34 75.5611902936 89.9918842041 44.9499192083
08/13/2020-14:10:39 75.5477345773 89.9890328145 44.9497718912
08/13/2020-14:10:44 75.5567050547 89.9887600301 44.980686904
08/13/2020-14:10:49 75.5410067196 89.9897976381 45.0010566694
08/13/2020-14:10:54 75.4064496269 89.9779639927 44.9995659706
08/13/2020-14:10:59 75.5208231481 89.991840654 45.0111064781
08/13/2020-14:11:05 75.5309149335 89.9903217651 44.995811337
08/13/2020-14:11:10 75.5443706484 89.9877070815 45.0165042786
08/13/2020-14:11:15 75.5667968425 89.9909990233 44.9499812306
08/13/2020-14:11:20 75.5410067196 89.988772753 44.9496943479
08/13/2020-14:11:25 75.5365214812 89.9901198742 44.9701927332
08/13/2020-14:11:30 75.5443706484 89.9890735988 44.9548694097
08/13/2020-14:11:35 75.5510985063 89.9899868385 44.9600794402
08/13/2020-14:11:40 75.5309149335 89.9872471372 44.8982233099
08/13/2020-14:11:45 75.5309149335 89.9869055121 44.9290408838
08/13/2020-14:11:50 75.5365214812 89.9887533658 44.8880123339
08/13/2020-14:11:55 75.545491958 89.9990711288 44.8778357919
08/13/2020-14:12:00 75.5567050547 89.9887600301 44.8574128648
08/13/2020-14:12:05 75.5623116034 89.9902662848 44.857474244
08/13/2020-14:12:11 75.5600689839 89.9917939483 44.8420415913
08/13/2020-14:12:16 75.5645542229 89.9918133361 44.8472241236
08/13/2020-14:12:21 75.5410067196 89.9891143814 44.8469673808
08/13/2020-14:12:26 75.5219444576 89.9885146845 44.8364877841
08/13/2020-14:12:31 75.5488558869 89.9884398067 44.8059634561
08/13/2020-14:12:36 75.5354001717 89.9883214854 44.8058185074
08/13/2020-14:12:41 75.545491958 89.9857475571 44.7853791838
08/13/2020-14:12:46 75.5567050547 89.9870518651 44.7855009478
08/13/2020-14:12:51 75.555583745 89.987644879 44.7700796592
08/13/2020-14:12:56 75.5477345773 89.9852748816 44.7956789327
08/13/2020-14:13:01 75.5667968425 89.9906573869 44.7907479652
08/13/2020-14:13:06 75.5499771966 89.9868219049 44.7905652254
08/13/2020-14:13:11 75.5488558869 89.9829737195 44.7751440803
08/13/2020-14:13:16 75.5567050547 89.991493096 44.7752276929
08/13/2020-14:13:21 75.5309149335 89.986563887 44.7595407764
08/13/2020-14:13:27 75.5129739822 89.9881041879 44.785029034
08/13/2020-14:13:32 75.4972756515 89.9829926197 44.7540401395
08/13/2020-14:13:37 75.4972756515 89.9860671517 44.7951301885
08/13/2020-14:13:42 75.495033033 89.983153734 44.8721496218
08/13/2020-14:13:47 75.5096100541 89.9857536295 44.79526359
08/13/2020-14:13:52 75.4883051775 89.9836069868 44.7744901532
08/13/2020-14:13:57 75.4849412499 89.9853558167 44.7693159402
08/13/2020-14:14:02 75.4546659049 89.9841350012 44.8049407627
08/13/2020-14:14:07 75.4658789949 89.9854393035 44.7896548623
08/13/2020-14:14:12 75.5017608887 89.98714148 44.7643620743
08/13/2020-14:14:17 75.4737281585 89.9843931251 44.7435136371
08/13/2020-14:14:22 75.490547796 89.985153939 44.7026052232
08/13/2020-14:14:27 75.4692429221 89.9860516702 44.7126474851
08/13/2020-14:14:32 75.4793347041 89.9886321742 44.6973482711
08/13/2020-14:14:37 75.478213395 89.9851258269 44.6973369617
08/13/2020-14:14:42 75.4939117237 89.9878460772 44.7026429385
08/13/2020-14:14:48 75.451301978 89.9886165716 44.6610939049
08/13/2020-14:14:53 75.4501806691 89.9926255264 44.6302657443
08/13/2020-14:14:58 75.4412101978 89.9850413911 44.6661248203
08/13/2020-14:15:03 75.4501806691 89.9854519089 44.6456742266
08/13/2020-14:15:08 75.4591511408 89.982134875 44.6149542985
08/13/2020-14:15:13 75.4557872138 89.9852500602 44.614916951
08/13/2020-14:15:18 75.4613937588 89.981632169 44.5944315747
08/13/2020-14:15:23 75.4322397272 89.9863087616 44.6043945094
08/13/2020-14:15:28 75.415420096 89.9865726276 44.5785353515
08/13/2020-14:15:33 75.4423315067 89.9864980378 44.5736855999
08/13/2020-14:15:38 75.4356036536 89.9876344026 44.5941595675
08/13/2020-14:15:43 75.4299971096 89.9823707134 44.588963837
08/13/2020-14:15:48 75.390751307 89.9803676685 44.6142257747
08/13/2020-14:15:54 75.3929939241 89.9843055825 44.5834330793
08/13/2020-14:15:59 75.3705677554 89.9820686566 44.6140127229
08/13/2020-14:16:04 75.3795382225 89.9886276188 44.6346490891
08/13/2020-14:16:09 75.3649612137 89.9839783237 44.63449546
08/13/2020-14:16:14 75.3268367358 89.9854809312 44.6443576579
08/13/2020-14:16:19 75.31338104 89.9846792133 44.6647560661
08/13/2020-14:16:24 75.2943188063 89.9857869886 44.6953634612
08/13/2020-14:16:29 75.2539517309 89.9813024115 44.6641199546
08/13/2020-14:16:34 75.2662861139 89.9785984361 44.6591167771
08/13/2020-14:16:39 75.2449812712 89.9808617163 44.6742916572
08/13/2020-14:16:44 75.2618008836 89.9809396748 44.7309560352
08/13/2020-14:16:49 75.2651648064 89.9815820763 44.7618028605
08/13/2020-14:16:54 75.137335795 89.9747291957 44.7296121011
08/13/2020-14:17:00 75.258436961 89.9823766134 44.715517469
08/13/2020-14:17:05 75.2595582685 89.983149957 44.7206636521
08/13/2020-14:17:10 75.2741352673 89.9785772127 44.6951443713
08/13/2020-14:17:15 75.2606795761 89.9794832475 44.6847310639
08/13/2020-14:17:20 75.2853483442 89.9764659814 44.6695900593
08/13/2020-14:17:25 75.2707713444 89.9769402682 44.6797055527
08/13/2020-14:17:30 75.2696500368 89.9782161953 44.679694239
08/13/2020-14:17:35 75.256194346 89.9794336804 44.67954715
08/13/2020-14:17:40 75.2461025786 89.9762005282 44.6383629362
08/13/2020-14:17:45 75.2528304234 89.9798459929 44.6641086592
08/13/2020-14:17:50 75.2651648064 89.9781666377 44.6180256744
08/13/2020-14:17:55 75.2752565749 89.9742574459 44.6129991825
08/13/2020-14:18:01 75.2539517309 89.9778870072 44.6076359556
08/13/2020-14:18:06 75.2808631133 89.9740556848 44.5873833708
08/13/2020-14:18:11 75.2909548829 89.9711409576 44.5772173657
08/13/2020-14:18:16 75.3010466532 89.9689393593 44.5157012597
08/13/2020-14:18:21 75.2909548829 89.9728487119 44.5207293278
08/13/2020-14:18:26 75.2976827297 89.9778604774 44.5002581345
08/13/2020-14:18:31 75.3077745004 89.9729264651 44.4952297251
08/13/2020-14:18:36 75.3324432761 89.9784478951 44.4800810199
08/13/2020-14:18:41 75.3683251387 89.9770760134 44.429097312
08/13/2020-14:18:46 75.3324432761 89.9763985113 44.361959127
08/13/2020-14:18:51 75.3380498166 89.9751720176 44.4133754076
08/13/2020-14:18:56 75.3402924328 89.9842633312 44.3979935428
08/13/2020-14:19:02 75.3425350491 89.9762462292 44.4596448682
08/13/2020-14:19:07 75.3088958083 89.9818971907 44.5671366396
08/13/2020-14:19:12 75.3077745004 89.9797575934 44.6236139343
08/13/2020-14:19:17 75.3021679611 89.9799593482 44.7313922536
08/13/2020-14:19:22 75.3234728118 89.9783789195 44.6905416381
08/13/2020-14:19:27 75.3268367358 89.9837731163 44.8189554824
08/13/2020-14:19:32 75.3223515038 89.9823874027 45.1834800933
08/13/2020-14:19:37 75.3066531926 89.9786426701 45.1678972769
08/13/2020-14:19:42 75.3234728118 89.9807698502 45.2297025038
08/13/2020-14:19:47 75.3391711247 89.9797026244 45.2914930258
08/13/2020-14:19:52 75.3604759805 89.9798299125 45.281469944
08/13/2020-14:19:57 75.3974791582 89.9788897588 45.2767581748
08/13/2020-14:20:02 75.4053283182 89.9829975408 45.281985687
08/13/2020-14:20:07 75.4299971096 89.9813459312 45.3438878125
08/13/2020-14:20:12 75.4501806691 89.9820359059 45.436549356
08/13/2020-14:20:17 75.4737281585 89.9823434806 45.4214182613
08/13/2020-14:20:23 75.4838199408 89.9811662383 45.400995915
08/13/2020-14:20:28 75.4860625591 89.9823715686 45.3496675954
08/13/2020-14:20:33 75.5197018387 89.9794520193 45.2730228992
08/13/2020-14:20:38 75.5443706484 89.9894152282 45.427374896
08/13/2020-14:20:43 75.5623116034 89.9807005195 45.6740873106
08/13/2020-14:20:48 75.5869804199 89.9838311742 45.6795162309
08/13/2020-14:20:53 75.6026787598 89.9824517127 45.5667206302
08/13/2020-14:20:58 75.6004361397 89.9822712225 45.6488663327
08/13/2020-14:21:03 75.6150131708 89.9797464244 45.6541733854
08/13/2020-14:21:08 75.6363180649 89.9781647906 45.639020946
08/13/2020-14:21:13 75.6699573774 89.9813640684 45.521286091
08/13/2020-14:21:18 75.6800491725 89.9808697247 45.5933130245
08/13/2020-14:21:23 75.7024753864 89.9780113948 45.5987150659
08/13/2020-14:21:28 75.7349934024 89.9773618181 45.6761442478
08/13/2020-14:21:33 75.7305081584 89.9804177272 45.635002654
08/13/2020-14:21:38 75.7675114252 89.9760587714 45.6251668442
08/13/2020-14:21:44 75.7820884721 89.9813923575 45.6202006855
08/13/2020-14:21:49 75.806757324 89.9821310655 45.5382994779
08/13/2020-14:21:54 75.8157278165 89.9849633855 45.6000517953
08/13/2020-14:21:59 75.8527311039 89.9778701118 45.6672714079
08/13/2020-14:22:04 75.8874917758 89.9808477512 45.6419977264
08/13/2020-14:22:09 75.9054327709 89.9793060634 45.5702835169
08/13/2020-14:22:14 75.9166458939 89.9789015544 45.5036244889
08/13/2020-14:22:19 75.9256163929 89.9806786981 45.6424473864
08/13/2020-14:22:24 75.9301016426 89.9793609705 45.7658044215
08/13/2020-14:22:29 75.961498394 89.9810425985 45.7970100852
08/13/2020-14:22:35 75.9592557687 89.9770727675 45.6531227358
08/13/2020-14:22:40 75.9861672747 89.9824644396 45.6637195731
08/13/2020-14:22:45 75.9895312132 89.9813680748 45.5096117285
08/13/2020-14:22:50 76.0052295942 89.979645595 45.5354881877
08/13/2020-14:22:55 76.0321411082 89.9754375968 45.561493246
08/13/2020-14:23:01 76.0444755537 89.9761784756 45.6181654538
08/13/2020-14:23:06 76.0556886869 89.9743765024 45.5309374638
08/13/2020-14:23:11 76.0601739404 89.9788688677 45.4898809037
08/13/2020-14:23:16 76.087085464 89.9801592385 45.5570015026
08/13/2020-14:23:21 76.1050264824 89.9765660704 45.5674894312
08/13/2020-14:23:26 76.1196035614 89.9856605437 45.8091847179
08/13/2020-14:23:31 76.1240888167 89.9778482238 45.9120121969
08/13/2020-14:23:36 76.1532429797 89.9793188864 45.8815341428
08/13/2020-14:23:41 76.1711840058 89.9784599064 45.7892498499
08/13/2020-14:23:46 76.17230532 89.9764992134 45.5323006862
08/13/2020-14:23:51 76.2003381777 89.9819814552 45.6456984804
08/13/2020-14:23:56 76.2070660643 89.9787927307 45.8821853045
08/13/2020-14:24:01 76.2205218384 89.9795936563 45.7076093658
08/13/2020-14:24:06 76.239584187 89.9805639774 45.7643742399
08/13/2020-14:24:11 76.2507973344 89.9821799174 45.5846144094
08/13/2020-14:24:16 76.2373415577 89.9817208237 45.4713809577
08/13/2020-14:24:22 76.2754662615 89.9774781084 45.3484583655
08/13/2020-14:24:27 76.2732236316 89.9803442543 45.2096378684
08/13/2020-14:24:32 76.2922859868 89.9768403293 45.2458362091
08/13/2020-14:24:37 76.3158336053 89.9761201842 45.4722892
08/13/2020-14:24:42 76.338259912 89.97736095 45.6113426115
08/13/2020-14:24:47 76.3517156976 89.9795292447 45.6474825892
08/13/2020-14:24:52 76.3550796442 89.9767530861 45.6269622862
08/13/2020-14:24:57 76.3808699038 89.9792900833 45.6632484036
08/13/2020-14:25:02 76.3875977983 89.9798914915 45.6427689308
08/13/2020-14:25:07 76.4010535882 89.9844530579 45.5760962301
08/13/2020-14:25:12 76.4156306953 89.9870535766 45.4991501748
08/13/2020-14:25:17 76.4503914947 89.9801155606 45.4121513799
08/13/2020-14:25:22 76.4694538719 89.9793459688 45.4020864354
08/13/2020-14:25:27 76.4817883525 89.9756116193 45.3765194905
08/13/2020-14:25:32 76.4963654672 89.9806355602 45.5206540391
08/13/2020-14:25:37 76.5143065334 89.9780660276 45.5774198443
08/13/2020-14:25:43 76.5344902353 89.9790960654 45.5673706297
08/13/2020-14:25:48 76.551309989 89.982932885 45.557283947
08/13/2020-14:25:53 76.5927987226 89.9796421592 45.5217726572
08/13/2020-14:25:58 76.5961626744 89.9778911522 45.2955510085
08/13/2020-14:26:03 76.6107398 89.9791239052 45.1208616581
08/13/2020-14:26:08 76.6241956095 89.9785867523 45.0541550304
08/13/2020-14:26:13 76.641015373 89.9758963728 44.9360426683
08/13/2020-14:26:18 76.6567138206 89.978275236 45.0082219385
08/13/2020-14:26:23 76.6589564561 89.9784556342 45.1111101803
08/13/2020-14:26:28 76.6735335876 89.9776666027 45.0649841463
08/13/2020-14:26:33 76.6780188591 89.9801092934 44.8901554362
08/13/2020-14:26:38 76.7015665368 89.9787039768 44.9212726805
08/13/2020-14:26:43 76.7150223542 89.9801884681 44.9162737749
08/13/2020-14:26:48 76.7318421276 89.9761598361 44.9113127555
08/13/2020-14:26:53 76.7475405845 89.9785086662 45.0349351872
08/13/2020-14:26:58 76.76548168 89.9790160035 45.1225785514
08/13/2020-14:27:04 76.782301459 89.9804591366 45.1742047987
08/13/2020-14:27:09 76.8036065149 89.9802410721 45.1847319432
08/13/2020-14:27:14 76.822668936 89.9760503199 45.1746555975
