10/06/2020-13:55:53 75.50902664688374 90.33906493770719 30.80537405085727
10/06/2020-14:10:56 77.8238212293717 90.2939076206208 28.373782759033467
10/30/2020-15:32:46 73.97124418728754 90.54539615761841 28.352536840982324
10/30/2020-15:35:03 75.76108560411566 90.54520252408152 26.32081652729628
10/30/2020-15:35:23 76.25826725648412 90.54768123684863 25.87057306064814
10/30/2020-15:50:03 75.6789929652372 90.53941625440542 26.439849950552023
10/30/2020-15:51:58 75.6743680290634 90.5342873392036 26.39879873159017
11/10/2020-16:11:59 72.38722777015619 89.64298662633732 10.803100926941456
11/10/2020-16:13:34 72.87977429487337 89.64419453429754 10.584584236675683
11/10/2020-16:13:40 72.98614603985524 89.64876970762472 10.574680246173719
11/10/2020-16:39:09 101.05220756801327 89.69052380110683 1.5265438016408481
11/10/2020-16:40:09 91.1882967260758 89.71420873133471 2.579836796463182
11/10/2020-16:41:09 85.62175227324379 89.61868536381607 3.5943751751421757
11/10/2020-16:42:09 81.10182072979515 89.68412491562414 3.486482129737866
11/10/2020-16:43:09 66.61436949813688 89.69163750718266 4.042548284177012
11/10/2020-16:44:10 60.9157075636268 89.6807761370934 5.58346736930163
11/10/2020-16:45:10 57.25544246436302 89.68654908084744 7.658190842485604
11/10/2020-16:46:10 55.702802678319856 89.68606575470379 9.212545143896056
11/10/2020-16:47:10 55.112040412283115 89.68683464763089 10.155705721131092
11/10/2020-16:48:10 55.117820854629464 89.69031741644488 10.615688420019016
11/10/2020-16:49:11 55.463491678953595 89.69256238840906 10.746971076001675
11/10/2020-16:50:11 56.03922598068357 89.69292101462025 10.921869363231908
11/10/2020-16:51:11 57.28318895371167 89.69443979096194 11.309454771001839
11/10/2020-16:52:11 58.297095152638214 89.69775889820161 11.227025751352855
11/10/2020-16:53:11 59.43240010108457 89.68704228985786 11.064791159393726
11/10/2020-16:54:11 60.478691182376224 89.69572061202247 11.154271822550461
11/10/2020-16:55:11 61.53655030670234 89.69441643491948 11.168163981789139
11/10/2020-16:56:12 62.53892150512083 89.69635107741061 11.01569644884017
11/10/2020-16:57:12 63.425684084487145 89.6924375871621 10.76241740915886
11/10/2020-16:58:12 64.24308227868069 89.691070333654 10.511105012910026
11/10/2020-16:59:12 64.89862240073452 89.69208344401956 10.271143383878359
11/10/2020-17:00:12 65.5021378555175 89.68724184715796 10.03857215432917
11/10/2020-17:01:13 65.99119511867511 89.68893096293064 9.815815381447642
11/10/2020-17:02:13 66.4444126133535 89.69517928850337 9.623345314679579
11/10/2020-17:03:13 66.79820061345863 89.68784514822201 9.457862486692823
11/10/2020-17:04:13 67.13811529630084 89.68820280754119 9.31612674447132
11/10/2020-17:05:13 67.41097249240529 89.68868125378314 9.176893451030185
11/10/2020-17:06:13 67.17973755098474 89.68875869405579 9.034032433279092
11/10/2020-17:07:14 67.24217095290123 89.69333806909695 8.727669844720488
11/10/2020-17:08:14 67.2791685356705 89.68035143036627 8.498249822500235
11/10/2020-17:09:14 67.4722498067611 89.69145899762172 8.221564196308758
11/10/2020-17:10:14 67.73123342704056 89.68611674368111 8.041462873171975
11/10/2020-17:11:14 67.5231215569016 89.6778829358188 7.88033877275111
11/10/2020-17:12:15 67.5543383205154 89.68304572511884 7.680216314922958
11/10/2020-17:13:15 67.52427773322533 89.6806705936992 7.500157673429208
11/10/2020-17:14:15 67.4826553907279 89.68180688468341 7.338116789880161
11/10/2020-17:15:15 67.4560633441306 89.68072211812394 7.181317394503055
11/10/2020-17:16:15 67.3739748797755 89.68172428442786 7.056077548336324
11/10/2020-17:17:16 67.39825456211838 89.67889719790641 6.967333797030244
11/10/2020-17:18:16 67.31963465142181 89.67575297190818 6.877072876403361
11/10/2020-17:19:16 67.21673511960952 89.67343444160632 6.80537942663993
11/10/2020-17:20:16 67.14967703264892 89.67931272733657 6.755589631392536
11/10/2020-17:21:16 67.07799428048574 89.68009911404312 6.694307543410432
11/10/2020-17:22:17 67.10689861224964 89.6766186979702 6.681393277187934
11/10/2020-17:23:17 66.91150542912628 89.67545351596395 6.642905658953922
11/10/2020-17:24:17 67.88847368259012 89.6778307456785 6.460962344534129
11/10/2020-17:25:17 77.16360424554041 89.6800791146445 4.626059486241159
11/10/2020-17:26:17 80.27046295432055 89.68769630953936 4.251557693562475
11/10/2020-17:27:18 81.71580255451599 89.68473870744768 4.160570466244638
11/10/2020-17:28:18 82.48125958712308 89.68446702162997 4.14871925783856
11/10/2020-17:29:18 82.8743960132856 89.68869747419988 4.225847341589503
11/10/2020-17:30:18 83.04668256883342 89.68840443692619 4.325250136854832
11/10/2020-17:31:18 83.11490346991386 89.68925961443786 4.423547297457015
11/10/2020-17:32:19 83.09524659718882 89.68875489772185 4.543826319219856
11/10/2020-17:33:19 82.98539941080135 89.68604031482863 4.638403542337979
11/10/2020-17:34:19 82.81889434281666 89.68951141438544 4.76539857621654
11/10/2020-17:35:19 82.62116979503953 89.68817100116463 4.887787208100193
11/10/2020-17:36:20 82.47200932966635 89.68372774830608 4.906546362839773
11/10/2020-17:37:20 81.39782674511079 89.6887206685586 4.949609051421134
11/10/2020-17:38:20 80.97231826678035 89.68327663856464 4.861850650775243
11/10/2020-17:39:20 80.4866849449536 89.68164966217167 4.717458424946963
11/10/2020-17:40:20 80.13402355672633 89.68184395109446 4.614677561359974
11/10/2020-17:41:21 79.78830050870893 89.68018044088727 4.517602037877434
11/10/2020-17:42:21 79.29920192817926 89.67719206802195 4.462875281983779
11/10/2020-17:43:21 79.00204345856328 89.68406529818438 4.411225255361769
11/10/2020-17:44:21 78.61816639152384 89.68585325883782 4.3576805589975685
11/10/2020-17:45:22 78.30597787572951 89.68571510468462 4.318673146447851
11/10/2020-17:46:22 78.06432124915636 89.68835457735743 4.288294225801292
11/10/2020-17:47:22 77.86775870654719 89.68904258025805 4.279574579083021
11/10/2020-17:48:22 77.62841522405651 89.69012772159233 4.272838510750625
11/10/2020-17:49:23 77.49891551502078 89.68547888053213 4.272881633071561
11/10/2020-17:50:23 77.18904162805993 89.68853472683477 4.304960580751481
11/10/2020-17:51:23 77.13701062259688 89.68992451163287 4.277734483127702
11/10/2020-17:52:23 76.98785516546813 89.69089091050266 4.2905310516148
11/10/2020-17:53:23 76.9936363821992 89.69405761672196 4.3613557009534
11/10/2020-17:54:24 76.9207930663426 89.68939345972326 4.400241232809277
11/10/2020-17:55:24 77.01098003362021 89.69236315255503 4.45532544057713
11/10/2020-17:56:24 76.95894908488235 89.6920470801844 4.487328501700393
11/10/2020-17:57:24 76.96473030059023 89.69657727823466 4.552224936469234
11/10/2020-17:58:24 76.91732433782644 89.69286832894664 4.560319307377733
11/10/2020-17:59:24 76.9207930663426 89.69893791412586 4.58384929929531
11/10/2020-18:00:25 76.94969914017538 89.69744119588351 4.623991356003129
11/10/2020-18:01:25 77.050292316993 89.6961218401424 4.6608476084895765
11/10/2020-18:02:25 76.9774489758679 89.69449832819276 4.681952781316215
11/10/2020-18:03:25 76.93582422409717 89.70046023456553 4.689766892763352
11/10/2020-18:04:26 77.0005738425466 89.69835693859362 4.7519712996064225
11/10/2020-18:05:26 77.09538583016084 89.70100202969591 4.765421708435005
11/10/2020-18:06:26 77.10232329483014 89.70052871087391 4.812491172562844
11/10/2020-18:07:26 77.13816686698264 89.69821689029993 4.834557063012411
11/10/2020-18:08:26 77.10347953897035 89.70402040981627 4.88352622990031
11/10/2020-18:09:26 77.04451109825649 89.70110937426149 4.892127786692142
11/10/2020-18:10:26 77.1612917564169 89.70613956316552 4.869063170153301
11/10/2020-18:11:26 77.19019787281404 89.71012466242924 4.903284004290245
